5.42973 42.5101 49.3474 
3.96174 42.5041 49.862 
6.06116 42.5936 52.9987 
6.55287 42.5101 50.1888 
14.9416 28.9533 55.2723 
13.736 31.4278 57.3279 
14.277 32.2659 54.9839 
13.0375 32.7121 58.0976 
14.5446 26.9141 57.3408 
8.72211 41.6106 52.4874 
7.47948 42.1926 52.2702 
7.50416 41.4162 56.0699 
10.7336 39.5823 54.3392 
9.78804 40.7451 53.3504 
14.8618 23.4548 57.1577 
15.2821 21.4361 55.4248 
15.4045 24.5028 55.1454 
16.0433 22.3051 52.0718 
14.6921 14.5331 51.0641 
14.5181 15.5479 54.5939 
15.6615 18.2346 51.4046 
14.5021 13.5302 48.9442 
13.177 10.1616 44.026 
13.8112 11.5111 48.4031 
13.9494 11.8888 45.1068 
1.15044 31.1613 35.104 
-0.344759 33.5295 35.8359 
1.11309 35.609 36.7012 
1.24428 37.3263 38.0203 
-0.322881 22.9122 33.9794 
0.396188 27.411 34.6323 
0.615881 23.3468 33.9983 
8.83878 9.42449 32.9764 
9.39384 8.17458 33.9922 
10.3364 9.67992 33.1396 
10.0534 7.53864 34.9809 
11.3955 8.66993 35.6787 
10.937 9.3633 33.9614 
12.1237 10.9691 33.0461 
7.62589 10.4217 32.3866 
7.89532 8.38999 33.2645 
9.92101 11.6399 31.3699 
2.50332 15.2503 31.9528 
2.74717 11.8325 31.9231 
5.32365 14.0829 31.2714 
5.07198 12.2939 31.5867 
1.72694 8.11939 32.2425 
4.59942 9.02612 32.0348 
5.72968 15.4753 30.9485 
5.15639 17.1372 30.931 
2.07493 17.8198 32.3482 
11.8938 8.64023 37.3345 
12.7596 10.7757 34.8481 
10.8532 7.24993 36.4346 
6.65889 10.8126 32.1421 
6.442 8.47919 32.72 
7.67099 11.9835 31.6523 
7.4446 13.5838 30.9861 
12.3852 9.04518 39.6334 
11.5887 7.30492 38.9147 
12.7039 8.48441 44.3472 
0.039161 40.232 42.2485 
0.157142 40.9765 44.4204 
-0 17.6302 32.7925 
1.00674 17.6202 32.6658 
0 14.5313 32.4465 
1.14204 14.9724 32.3314 
15.5555 16.6872 49.5334 
12.2873 36.4921 56.0478 
11.4966 38.0998 55.5141 
12.9467 34.6996 56.5563 
1.30203 42.4762 51.0842 
12.9136 7.69296 46.6854 
13.6632 10.2786 49.5195 
3.97049 43.0397 54.1985 
3.03177 43.0836 53.8842 
0.129254 42.9174 52.9236 
3.70539 43.5784 56.0164 
2.54673 43.4205 54.65 
4.7942 42.8976 54.6543 
5.39739 42.544 57.3195 
4.44308 43.3136 56.8332 
6.30421 41.9364 57.1193 
7.84929 40.5303 57.9566 
9.21451 39.3146 57.8232 
11.1631 35.5934 59.3723 
10.0421 37.1876 59.535 
7.80971 6.31789 33.937 
9.10592 6.44663 34.7777 
0.427796 43.3981 54.0511 
6.29741 40.7428 60.8846 
6.24401 39.561 62.6909 
5.34184 39.5914 63.7619 
8.37506 38.2792 61.0681 
7.36333 36.8398 63.9105 
8.96626 36.7246 61.9382 
8.34681 34.9633 64.1197 
6.40661 36.0826 65.4034 
7.47241 34.1761 65.6031 
3.48942 37.9353 66.0375 
4.54036 39.1114 64.8042 
3.28546 39.4851 65.3534 
5.06709 41.6394 62.3998 
5.4459 41.7357 61.2096 
9.76923 35.2434 61.9595 
9.77925 32.9385 63.4324 
8.6196 38.9108 59.6941 
5.42045 42.2592 59.6403 
11.1003 5.74138 38.658 
11.9258 5.59614 43.2814 
4.92482 34.9811 66.9188 
2.58166 35.6846 67.3043 
1.81085 39.0427 66.0726 
1.35955 33.0714 68.4337 
3.91128 31.1806 68.6805 
0.749847 38.8404 66.3435 
-0 38.7896 66.4042 
6.67 33.0134 66.8173 
5.62737 31.0567 68.1182 
13.7466 29.2602 58.4361 
12.0738 31.177 60.7396 
13.2044 26.5249 60.45 
11.8305 28.431 62.262 
9.93603 30.0162 64.5746 
11.8571 34.0194 59.4708 
12.3784 24.3431 62.4763 
13.7672 24.4046 59.8101 
13.2151 20.93 61.2765 
14.1938 12.9079 52.0624 
14.1518 13.6197 56.0755 
13.3883 8.20225 49.4182 
13.7561 9.06464 52.1225 
14.0358 11.4107 54.4938 
14.1328 18.5245 58.3938 
13.6116 19.154 60.1987 
15.7961 20.1715 52.5792 
14.3524 17.1587 56.8922 
13.9127 14.979 58.9421 
12.2315 18.4683 64.1391 
12.2539 14.9079 64.7634 
13.0626 11.6287 62.9772 
13.7772 11.2632 60.0161 
13.5193 11.2432 61.3615 
10.7975 16.7065 66.9892 
11.6014 14.7588 66.0666 
11.3607 18.8023 65.7486 
10.1523 21.5723 66.8746 
8.21069 31.7862 66.0548 
10.8838 25.6815 64.67 
9.05068 27.8333 66.5673 
8.73136 25.3753 67.6062 
7.76825 28.1304 67.7454 
6.74425 29.6914 67.9641 
6.74392 26.0915 68.9503 
5.62632 27.571 69.124 
4.3014 26.8287 69.7684 
7.83228 23.3885 68.7977 
8.96198 20.188 68.4295 
7.10897 20.5161 69.6995 
5.54319 24.0501 69.9147 
4.16761 21.9419 70.6857 
6.41852 16.1394 70.3751 
7.69151 16.0389 69.71 
8.96968 15.9176 68.8487 
10.1635 16.2189 67.7928 
11.1166 12.576 66.85 
5.35759 19.293 70.6117 
3.92159 17.2026 71.2088 
0.595356 17.2239 71.6516 
2.50713 16.8674 71.4987 
2.51772 21.7468 71.0351 
4.94068 12.4464 71.1236 
1.27538 28.7633 69.7976 
3.01838 26.841 70.0531 
1.42637 25.4622 70.5351 
0.49797 22.0729 71.1503 
14.0045 10.4496 57.9273 
13.8439 6.29552 53.1131 
14.0314 7.50762 55.5041 
3.23702 7.02439 32.1527 
10.1952 5.29101 36.7536 
1.86124 39.8172 41.3924 
1.43168 38.7719 39.6904 
3.80134 37.9746 37.306 
3.47415 35.3095 35.3691 
1.80099 33.6505 35.5552 
2.28898 31.5333 34.6883 
15.8056 15.6167 41.5774 
16.0768 17.0131 45.3406 
15.5142 15.118 44.8816 
15.1985 13.9743 39.9995 
13.5506 11.1234 40.5964 
14.7806 13.3156 36.401 
13.3242 11.0637 37.2821 
3.71008 23.1504 31.6511 
4.0964 20.7932 31.5085 
5.71129 18.3838 30.2527 
2.7557 23.1107 32.7684 
4.64387 18.4599 31.1322 
7.13212 16.0582 30.0064 
3.00756 20.4026 32.2721 
3.15763 25.104 32.5095 
2.26495 28.7498 34.1366 
1.40225 25.7915 34.1958 
0.540127 44.176 54.8207 
2.44795 44.0022 55.2602 
4.63372 41.5605 63.2996 
3.80759 41.1399 64.3732 
16.1971 17.1771 41.1248 
2.06018 45.1337 55.5676 
0.551072 45.7818 55.2719 
3.57862 44.8284 56.6156 
2.87626 44.9576 55.9865 
5.08764 43.0835 61.1032 
4.39804 45.6722 62.2876 
4.81958 45.5156 61.3435 
4.98779 43.6431 59.7798 
4.74722 43.6195 58.4882 
2.4374 47.0018 63.9023 
3.5124 47.1427 62.8825 
2.13682 42.0769 65.1602 
1.16298 46.9607 64.5174 
0 46.524 64.7653 
4.47007 48.5042 59.6981 
4.24183 49.0585 58.3531 
3.86738 48.8558 57.3747 
3.31831 48.9653 56.6894 
4.20921 44.5231 57.4282 
2.63651 51.1839 56.3527 
-0 50.3952 64.3301 
1.17774 50.4888 64.12 
2.31329 50.1185 63.543 
4.17329 48.8014 61.254 
3.33172 50.2091 62.5137 
3.98986 53.6583 59.7128 
3.69352 54.3206 58.4019 
3.05116 54.7788 57.397 
0.87179 54.8704 56.0879 
-0 54.5949 55.9711 
1.89579 52.7482 56.1445 
3.66719 55.8717 61.1425 
2.08745 55.1342 63.4765 
3.05401 55.1648 62.4371 
9.12126 4.58006 35.5746 
10.9071 3.95447 39.2945 
10.2621 3.38281 68.0665 
9.0171 5.22126 69.1131 
3.21409 10.5261 71.6989 
0.218699 6.70088 72.2788 
13.272 4.98079 49.4098 
14.2205 4.76047 57.8562 
4.03793 5.83839 32.273 
6.02732 5.21483 33.084 
6.99243 3.76696 33.8281 
7.81829 3.52489 34.5338 
8.72409 2.30669 35.5141 
9.72351 1.86935 36.813 
5.15056 5.52414 32.6237 
4.60843 -4.1098 33.2347 
10.1458 3.37757 37.3763 
10.1701 -2.16572 37.5661 
6.67581 -5.3002 34.1577 
11.6188 3.02326 42.822 
12.6342 4.37434 46.5604 
11.8002 1.26014 43.1189 
12.87 1.64335 46.8642 
10.7503 1.66598 39.1648 
11.7277 -2.42832 41.5351 
11.1562 -2.56443 39.8658 
14.0671 1.03143 60.8763 
13.5568 2.40863 62.5378 
12.889 5.05936 64.0957 
13.0416 0.095737 63.8836 
13.8181 -3.76967 61.5773 
11.202 4.63521 66.963 
12.1427 6.17052 65.5108 
12.2751 0.100714 65.3556 
11.3821 0.194068 66.679 
14.7305 -2.12997 57.3473 
14.3469 0.724014 59.4905 
9.34114 0.214 68.8167 
10.6071 -1.83734 67.4569 
6.19683 4.87202 70.7796 
7.6498 5.12623 70.0056 
13.2446 -4.56736 62.9374 
12.5595 -4.81086 64.3293 
11.7969 -5.09282 65.5521 
14.379 -5.42781 59.3853 
3.51029 2.5898 71.8743 
8.22349 0.387174 69.648 
7.08173 0.200303 70.3636 
2.07049 2.47338 72.2221 
3.69134 -2.58387 71.8541 
2.1438 -1.82475 72.2681 
0.346662 -0.031115 72.5247 
5.3523 0.281063 71.2502 
5.39934 -3.43398 71.1565 
14.7505 -6.02711 57.5983 
14.9321 -4.69001 55.0333 
14.2643 3.1142 55.6316 
14.8493 -5.19477 53.0365 
14.0035 2.57918 52.9325 
2.11547 4.87459 32.2859 
3.32755 -4.80796 33.017 
12.9244 -4.00882 44.6468 
13.6707 -4.22457 47.1722 
13.6129 1.7453 50.1047 
14.3122 -5.90373 49.1753 
9.47626 -5.66113 68.2004 
0.120876 2.61113 32.4026 
0.345032 -7.74864 72.3369 
6.61633 -5.97403 70.3878 
9.34888 -6.87707 36.4393 
7.51288 -7.61951 34.8011 
4.76518 -10.1541 71.1482 
10.9165 -7.06936 38.7702 
1.61652 -2.8174 32.6894 
11.0891 -6.67742 66.2925 
10.3127 -7.24566 67.157 
11.9607 -13.6774 63.7224 
12.7147 -13.6064 62.1678 
13.4492 -13.9706 60.3593 
14.4237 -15.7625 57.0117 
14.0243 -16.8284 58.1928 
10.7175 -11.9102 66.0868 
11.3741 -11.2877 65.1723 
7.14048 -18.6824 69.3159 
7.35664 -12.6025 69.3864 
8.96716 -15.0586 67.8376 
6.22114 -12.0731 70.2225 
8.45496 -7.22627 68.9639 
10.3531 -15.9326 66.1559 
8.52014 -18.9756 68.1043 
1.38274 -17.6351 72.1969 
0.927766 -15.3843 72.3376 
2.24646 -9.4594 72.0688 
3.63077 -11.1943 71.6187 
3.63778 -16.4722 71.5912 
4.17382 -20.9848 71.1169 
14.8973 -15.0094 54.0019 
14.9855 -14.3069 52.0716 
15.0373 -10.1277 54.935 
15.0789 -10.8688 52.6466 
14.7925 -10.5198 49.93 
14.7528 -13.8932 49.3209 
14.3973 -12.3419 47.218 
13.8996 -13.3526 44.5409 
13.3901 -14.4316 42.4671 
12.7011 -15.7785 40.4903 
11.5445 -10.8615 39.3032 
12.7423 -8.222 42.7578 
12.0243 -7.8423 41.0348 
11.1995 -14.9066 38.151 
10.1645 -7.61588 37.4325 
10.5333 -11.4902 37.4622 
5.76036 -9.66146 33.652 
4.12187 -14.4126 32.8206 
4.25331 -9.66599 33.1378 
5.6828 -5.6407 33.6778 
1.32011 -6.55759 32.7483 
1.15677 -12.3983 32.623 
7.08113 -16.1947 33.8541 
8.48364 -7.21711 35.5629 
5.1561 -16.0115 32.8995 
14.7852 -14.2202 55.6399 
6.22326 -16.0235 33.3785 
8.31334 -15.3924 34.8704 
9.74576 -11.2903 36.5079 
0 -5.16744 32.6983 
9.31213 -16.6198 35.7133 
-0.420476 -16.6266 72.3896 
-0.404078 -12.6909 32.5325 
13.3662 -22.4862 59.3081 
12.7226 -20.9792 61.2679 
9.68246 -19.1376 66.8634 
1.12104 -22.4634 71.8482 
14.0846 -17.9969 44.176 
11.5958 -19.7254 38.1314 
1.90285 -19.7783 32.1641 
11.552 -20.0557 63.9115 
10.6976 -19.9097 65.4102 
-0.290178 -22.4985 71.9314 
-0.009106 -20.4118 32.0334 
14.1644 -26.3549 56.059 
14.5401 -26.7594 52.7228 
15.0189 -28.3727 49.7201 
11.159 -45.8483 57.9647 
10.0881 -46.1504 50.5748 
10.2512 -46.8016 53.4987 
10.6456 -46.7192 56.1758 
9.08456 -48.8527 54.1442 
10.6928 -47.1391 59.1107 
11.1981 -45.4219 60.8206 
8.4948 -45.8635 45.9383 
8.54844 -47.9728 50.2806 
7.46828 -48.5294 49.3044 
7.2663 -45.5385 43.6307 
5.48382 -21.0625 32.2965 
6.85943 -19.6559 33.0819 
6.75784 -21.8972 32.5098 
7.97606 -22.0411 32.8546 
8.41125 -19.8714 34.0251 
2.86183 -43.6222 39.507 
3.87327 -41.6487 38.2467 
2.74713 -37.2716 35.6825 
-0.079482 -38.0655 36.0105 
0.065435 -35.0628 34.5108 
2.47476 -35.2743 34.7037 
2.21447 -32.9174 33.7718 
0 -43.0716 39.2109 
2.09442 -44.9178 40.6341 
3.77701 -45.2787 41.1441 
5.3951 -45.0193 41.4329 
4.8881 -43.7008 39.9646 
7.32407 -42.2181 39.8267 
6.56354 -44.8759 42.0968 
5.88693 -46.8184 44.1559 
6.0748 -41.4397 38.4043 
2.53369 -30.2839 33.0223 
1.92556 -25.2676 32.1589 
2.07829 -22.9566 32.0394 
0.081038 -24.4388 31.9938 
4.238 -22.4433 31.9736 
4.42257 -20.2339 32.1166 
14.0864 -24.4746 44.2699 
13.581 -23.4736 42.6722 
13.407 -22.3175 42.0761 
12.6155 -22.3202 39.5884 
12.2658 -23.3096 37.3608 
14.3692 -25.1914 50.1243 
14.3031 -24.1444 51.2663 
14.7289 -26.2714 45.2707 
0.146451 -31.7472 33.3412 
12.4666 -20.4382 39.6314 
10.776 -18.927 37.0223 
9.65444 -18.3004 35.7824 
10.6608 -20.5391 36.2239 
11.9192 -22.05 37.89 
6.99882 -46.9064 45.4896 
5.63136 -48.1722 46.3386 
4.49639 -46.7831 43.257 
3.63709 -47.9564 44.8299 
1.64358 -49.2948 46.6803 
-0.029095 -48.9547 45.8891 
2.24387 -46.8936 42.9555 
12.7499 -25.3939 61.5756 
11.7132 -24.3718 63.8857 
10.5108 -24.7816 66.0473 
13.6196 -25.9001 58.794 
13.9203 -23.277 57.0763 
14.2521 -24.2817 54.2736 
6.5625 -24.6762 69.9253 
8.34137 -24.6957 68.5961 
5.40635 -19.0535 70.5119 
5.0222 -26.0207 70.7259 
8.48447 -26.5562 68.7444 
6.63012 -26.6381 70.0303 
9.47708 -24.7908 67.4 
8.57199 -28.3592 69.1789 
9.97658 -27.4062 67.5128 
11.8756 -26.4526 64.1305 
11.2627 -27.4263 65.7085 
3.61097 -23.5638 71.2228 
4.32487 -29.0822 71.406 
2.89205 -27.2014 71.5378 
7.29631 -31.9805 71.1808 
6.67659 -28.4689 70.3693 
6.15001 -32.1511 71.6634 
10.9199 -31.0702 67.8415 
9.86442 -31.1191 69.0743 
11.7067 -31.3116 66.666 
13.2636 -26.1938 60.4172 
10.1314 -36.0565 69.6441 
8.65331 -31.5014 70.2371 
11.715 -37.5352 66.4369 
8.82193 -35.7863 70.9981 
7.65465 -36.85 71.9915 
6.52646 -36.6194 72.4683 
5.43026 -34.6526 72.4094 
0.516491 -27.5081 71.9755 
0.608832 -29.6243 72.197 
3.77934 -33.4789 72.4996 
1.209 -35.1272 73.0046 
14.528 -20.3349 52.5566 
13.9497 -23.3996 44.9254 
14.6095 -16.6488 49.0141 
14.2399 -19.1479 45.562 
10.5567 -41.2614 67.9166 
10.7331 -45.5044 66.9064 
10.5517 -44.3361 67.786 
9.89832 -43.8006 69.4654 
9.84255 -41.1281 69.2482 
8.85232 -40.9457 70.6491 
11.0625 -36.7431 68.1952 
10.6069 -48.0653 62.3432 
7.48494 -41.4015 72.1135 
7.38475 -39.6572 72.0667 
9.06926 -43.0797 70.7567 
9.51125 -37.5094 70.3903 
5.67221 -40.7716 73.3594 
5.73673 -39.7814 73.0727 
3.97436 -40.0825 73.9613 
4.6061 -38.5205 73.2799 
0 -44.8091 40.7484 
1.91686 -36.9135 73.3499 
1.92857 -38.2958 73.7857 
0.991988 -39.6743 74.5964 
-0.518091 -38.5123 73.9812 
8.48101 -38.0161 71.3566 
1.98884 -40.3207 74.8343 
13.4178 -17.963 41.8987 
-0.440935 -40.082 74.9765 
0.966461 -27.9339 32.5316 
14.8772 -27.6579 42.6447 
14.9838 -29.8493 44.5686 
14.5776 -26.3284 42.0067 
14.7729 -28.3961 41.2676 
12.7053 -40.4229 48.236 
10.1511 -42.488 44.1815 
11.5283 -41.6436 46.3068 
3.31979 -36.1558 34.9064 
3.80676 -39.724 36.9883 
15.0782 -33.0421 48.9781 
14.742 -34.4326 47.3534 
14.4508 -35.6736 47.0467 
13.9098 -37.5271 47.0438 
14.6368 -33.2124 43.9042 
14.6176 -29.7459 39.7812 
11.5975 -23.3669 34.1877 
12.5438 -24.2693 34.7743 
5.21234 -27.3493 32.0247 
3.8595 -26.9934 32.3139 
4.26795 -29.4846 32.3352 
2.81471 -32.3178 33.3794 
7.05909 -25.1438 31.8344 
5.08791 -24.9668 32.065 
7.22223 -23.5376 32.2757 
5.3954 -23.4293 32.1015 
9.02802 -23.2218 32.535 
5.48509 -40.3028 37.2607 
7.96605 -17.7215 34.2305 
10.2538 -22.9599 33.3156 
8.95022 -21.9565 33.3132 
10.2581 -22.3051 34.0855 
14.0096 -25.4155 40.4907 
11.1691 -22.4616 35.2749 
10.2769 -21.0807 35.2548 
12.2131 -39.8812 43.9956 
13.0677 -38.6282 44.1697 
-0.399871 -41.2232 37.9168 
0.009161 -46.3603 42.3739 
4.88653 -50.7831 51.2343 
7.69582 -49.9347 53.2586 
9.44578 -49.2708 56.7009 
9.97109 -49.4417 60.026 
3.34795 -51.1293 50.8548 
1.53993 -51.5927 50.9728 
0.732241 -52.6699 52.6278 
10.8626 -46.7176 65.3091 
7.73086 -43.3519 72.66 
3.85389 -41.8022 74.985 
2.93253 -52.7886 53.4843 
3.75016 -54.8832 57.1907 
1.92569 -55.4288 56.8931 
4.59447 -52.4109 53.9407 
0.402711 -55.5071 56.6265 
6.68003 -51.7084 55.1824 
5.99762 -51.0322 53.0153 
3.43283 -56.178 58.7354 
5.84309 -54.6075 58.9066 
2.0256 -58.0393 59.9176 
8.01754 -50.9763 56.3008 
8.54701 -52.067 60.0258 
9.58113 -50.7493 61.0048 
7.39539 -53.6411 59.8911 
8.57418 -54.1046 63.1984 
5.97823 -56.0668 61.1025 
3.69571 -57.5545 60.5004 
10.4734 -53.0302 67.8358 
10.7434 -55.8995 70.5855 
11.4039 -54.6693 73.7459 
11.2769 -53.2749 75.4707 
9.8803 -51.6641 63.7902 
10.4003 -49.9847 64.1092 
10.684 -49.1739 65.2714 
9.82291 -53.8804 66.4352 
9.73026 -57.1673 68.4994 
7.40051 -55.3399 62.3303 
9.21016 -55.2343 66.0056 
8.33393 -56.6235 65.3151 
9.32052 -46.1619 72.6056 
10.1832 -47.3389 71.5922 
10.4052 -46.4029 69.6118 
9.27269 -45.0654 71.6052 
10.8745 -50.9224 73.1052 
10.3672 -51.3538 76.494 
10.7374 -51.4323 75.1715 
7.93635 -45.168 73.9074 
9.74563 -50.9012 77.3526 
7.67079 -50.1087 79.6511 
8.85328 -50.4296 78.366 
7.02854 -57.4028 63.8252 
7.56932 -58.5721 65.3576 
4.74818 -44.1962 76.1589 
6.57739 -45.0199 75.284 
6.01716 -42.5454 73.8872 
1.86418 -49.6506 82.2664 
3.08222 -52.2745 84.1065 
0 -50.8001 83.276 
3.21259 -48.5586 81.0159 
4.30048 -50.0813 82.0914 
4.46569 -51.9163 83.6022 
0.959231 -45.869 79.3167 
1.79407 -44.843 78.2707 
3.10058 -43.9913 77.0389 
4.1671 -46.6567 78.7569 
5.48709 -46.3845 77.6549 
6.05862 -51.7625 82.8215 
3.47651 -60.0733 62.4082 
5.12268 -57.1851 61.3965 
0.860259 -58.4517 59.9475 
0.406372 -63.4512 63.2929 
-0.367819 -59.1121 60.3543 
7.3455 -52.2598 82.3829 
-0.398685 -57.5403 58.9379 
1.43116 -61.2265 62.105 
5.9724 -58.6245 63.5139 
5.12759 -60.4612 63.8296 
10.9918 -51.0038 71.5473 
11.0568 -53.4116 71.0621 
10.8985 -48.8674 68.2043 
10.8498 -49.4909 67.2523 
-0.490481 -45.4725 79.0968 
3.40895 -72.8355 77.8336 
3.03468 -72.8983 76.8164 
2.61089 -73.5668 76.2354 
4.45228 -72.7066 78.5292 
3.28701 -71.1739 77.9744 
3.05503 -71.4135 77.4753 
3.70422 -70.9672 78.4384 
2.95782 -71.7992 76.7811 
6.22864 -72.5406 76.0114 
5.95249 -72.1092 78.5425 
7.26058 -71.716 78.2179 
6.27114 -70.294 77.9491 
6.67669 -71.6413 77.1214 
6.30082 -70.4342 77.0581 
6.13243 -72.2149 76.2659 
4.93889 -71.5267 75.8422 
5.32794 -71.3578 75.9627 
4.15044 -73.2253 75.7935 
4.53567 -71.6135 75.7739 
3.92583 -71.6864 75.8224 
3.01793 -72.8074 76.3959 
3.53606 -71.7748 75.9841 
5.7117 -71.1138 76.1601 
5.0418 -70.5963 78.7774 
6.91369 -71.5936 77.9206 
4.40523 -70.7554 78.7419 
3.04828 -71.9537 76.416 
5.8513 -70.437 78.3449 
11.3954 -54.3832 78.6262 
0.121895 -53.3349 84.9356 
0.009566 -76.7758 69.2104 
2.53065 -74.4948 68.5069 
1.77421 -76.1611 68.6076 
0.539919 -77.4741 69.6324 
3.93199 -73.2335 68.3723 
3.48475 -74.7599 68.5613 
2.23418 -76.7991 69.0931 
0.830632 -76.1325 68.5834 
-0.558517 -76.3279 68.618 
1.43583 -75.1844 67.2904 
0.714387 -75.5249 67.0382 
-0.232635 -75.7077 67.0719 
0.905884 -73.7877 66.1908 
2.33515 -74.4307 68.3415 
3.05808 -73.4083 68.9582 
1.6598 -74.0774 69.1095 
4.63091 -71.68 68.8917 
5.60143 -71.3222 69.3143 
5.92123 -69.6983 68.4692 
5.03931 -70.2083 67.9975 
4.08768 -72.2959 68.7451 
4.54695 -73.4946 68.8051 
5.04247 -73.809 69.5334 
6.37434 -71.4307 70.4713 
6.29915 -72.5856 71.751 
3.88369 -75.5266 69.211 
-0.039353 -77.9312 70.9297 
0.803301 -78.0522 70.7507 
2.38289 -77.6446 71.4741 
1.56939 -77.5191 72.4225 
8.02469 -69.0707 81.1613 
6.93378 -70.9036 80.8533 
6.21669 -68.227 83.483 
5.83211 -71.5417 81.3116 
4.27123 -70.2446 83.1162 
4.23585 -71.8739 81.8613 
2.26987 -70.911 83.1746 
2.72307 -72.9844 81.0767 
6.20215 -72.3554 79.5881 
4.16827 -73.0471 80.5987 
0.773818 -68.899 84.7602 
3.52695 -67.061 85.3647 
3.21907 -73.6627 79.8498 
-0.037142 -70.555 83.7194 
-0.050297 -72.8076 81.5435 
-0.09169 -67.2023 85.766 
9.23326 -69.0887 78.6531 
9.95795 -67.5468 79.2246 
11.0147 -66.1639 78.285 
10.9998 -67.0225 76.7008 
9.05971 -67.3199 81.2855 
9.38938 -69.9062 75.7124 
10.861 -67.3851 75.2929 
10.2253 -67.928 73.6282 
9.83624 -69.196 74.6706 
11.6066 -65.2722 76.5524 
11.1765 -65.8898 74.4016 
2.96928 -66.0057 86.0576 
2.2285 -74.0401 77.7391 
2.53378 -73.7252 77.416 
3.76177 -73.3807 78.8116 
9.8037 -60.9592 80.4949 
10.8925 -62.7294 80.2404 
9.08318 -62.689 82.3229 
10.5177 -63.7634 80.6562 
9.77542 -61.9907 81.5755 
7.20127 -63.7272 84.9599 
9.13449 -64.6178 82.7706 
5.55858 -65.6194 85.9766 
10.9271 -54.2272 80.1015 
12.2313 -56.5945 82.516 
9.79046 -53.7493 81.4929 
11.1534 -56.0136 83.2793 
9.41963 -54.7917 83.2704 
12.0481 -55.6893 78.611 
12.4155 -56.8043 80.8991 
10.1945 -56.917 84.9567 
12.5689 -57.5445 80.2679 
12.5059 -57.1367 78.0349 
8.53688 -54.854 83.9165 
7.53884 -55.794 85.0738 
11.6354 -63.4444 78.3103 
11.5263 -62.9521 79.0479 
11.9006 -63.2085 75.9028 
12.0073 -62.0288 77.198 
12.0612 -61.158 75.3371 
10.6801 -61.6913 80.5358 
10.1247 -65.3508 81.1587 
11.6346 -63.6094 74.1644 
8.43665 -59.3813 87.1647 
9.0615 -60.3886 88.226 
9.95836 -58.2379 86.3119 
6.35309 -60.8348 87.4122 
11.2893 -59.0307 86.9309 
7.30796 -58.6536 86.5749 
6.08762 -58.1256 86.4541 
6.26939 -62.0943 87.8288 
6.24829 -63.5489 88.177 
5.23354 -62.335 87.432 
4.79491 -65.0294 87.0037 
4.90768 -65.6631 86.5434 
4.81994 -59.7726 86.9923 
3.7662 -60.7587 87.1644 
3.35908 -62.2632 87.1543 
3.26085 -64.2365 86.7951 
-0.025081 -61.4261 87.4767 
0.77033 -57.9574 87.1329 
4.40365 -58.1933 86.7113 
-0 -63.4751 87.1703 
5.25005 -56.8153 86.177 
-0.251607 -55.3525 86.066 
3.55693 -54.9501 85.5987 
3.71904 -65.6639 86.2491 
-0 -65.3988 86.5681 
12.3867 -60.6896 77.8881 
12.4276 -59.6858 76.2331 
12.2442 -61.2694 80.2634 
11.732 -59.9076 73.255 
12.1407 -57.9165 74.8781 
11.7584 -62.1205 80.2835 
11.8183 -61.5077 73.9224 
11.3276 -55.6712 72.5129 
10.9936 -62.0529 71.6657 
9.95548 -62.7368 69.9182 
8.81404 -58.5754 67.2056 
8.94951 -63.4818 68.6592 
8.36695 -65.9674 68.9944 
10.9868 -64.4548 72.6446 
9.89235 -65.3534 70.9769 
7.76813 -63.8251 67.3632 
7.29548 -65.9238 67.7445 
5.9661 -63.4369 65.6741 
4.51005 -67.9396 66.595 
3.29276 -71.0019 66.8932 
2.51283 -68.8102 65.8499 
8.9947 -69.0255 72.0856 
7.77306 -68.29 69.7771 
12.3382 -58.5675 85.4134 
12.9253 -58.7021 84.1661 
13.013 -58.9736 82.8532 
12.6792 -58.9243 81.0547 
8.49684 -57.175 85.6274 
6.61465 -65.8459 84.8559 
6.16049 -64.8693 86.6916 
11.444 -62.0469 80.8589 
12.4904 -61.4258 81.3713 
12.7178 -60.4101 81.2777 
13.368 -61.3923 82.7376 
12.5505 -61.8104 82.0865 
8.47395 -65.8979 83.2211 
8.26279 -70.9469 73.0656 
0.456809 -65.4016 64.241 
1.6683 -64.6281 64.1564 
0 -69.7614 65.5672 
2.89195 -64.905 64.7138 
0.211596 -78.4371 73.3883 
-0.006364 -76.501 75.4102 
0.253872 -74.9439 77.3193 
1.84305 -74.6926 76.7516 
2.24252 -76.8765 73.2512 
0.643535 -74.3631 66.2237 
1.32631 -69.4367 65.6117 
-0.148329 -73.0014 65.8872 
2.29792 -74.6087 75.9067 
5.44654 -73.7522 71.8945 
4.51853 -74.2803 73.7157 
3.79669 -74.7749 74.0929 
4.32648 -75.9306 71.0163 
3.62225 -76.6128 71.9099 
3.46294 -76.8037 70.2399 
2.02416 -77.6584 70.3823 
4.25456 -75.731 69.9859 
4.7148 -73.6818 74.7241 
9.18136 -59.7596 80.2019 
9.38193 -59.4683 80.7398 
12.3944 -61.5002 82.8577 
8.19207 -61.0212 81.1322 
7.27926 -62.1854 84.447 
8.31916 -62.9075 83.0972 
6.57144 -64.7714 85.4114 
7.23325 -63.2005 87.7848 
10.7804 -60.2568 81.4761 
12.9105 -61.0961 84.6329 
6.58888 -63.6608 86.0826 
7.18269 -62.3304 85.2471 
7.83261 -60.7234 82.1476 
8.54874 -60.1695 80.8011 
8.82743 -59.9197 81.7569 
8.65949 -60.0348 82.9283 
10.1851 -60.0278 82.9601 
7.57844 -62.5159 87.3071 
7.52382 -60.6338 83.2894 
8.81998 -60.6844 84.4093 
6.97723 -62.6725 86.5746 
11.8687 -60.7387 86.2531 
9.22471 -60.9798 85.6612 
1.79844 -75.4796 69.3898 
-0.102116 -76.612 69.7547 
3.28932 -72.195 69.324 
3.50587 -71.3073 69.7386 
3.65424 -72.2454 69.4672 
2.58649 -70.1853 70.2758 
1.43446 -69.159 70.4064 
3.70219 -71.4147 70.3689 
3.05617 -70.6455 71.1197 
3.79203 -72.0964 70.3296 
2.73502 -72.1093 69.8797 
1.75212 -68.2944 71.2915 
0.914653 -68.0689 71.7659 
-0.578846 -68.0351 71.8704 
1.66797 -66.5623 71.3665 
1.04598 -66.36 71.692 
0 -66.2642 71.7719 
1.90984 -69.7522 71.8216 
-0.502975 -69.6865 72.4336 
0.938394 -69.705 72.2902 
0.896729 -67.918 70.2819 
0 -73.3003 71.4124 
-0.456797 -70.8803 72.4858 
1.24639 -70.9601 72.2906 
1.72786 -73.2016 71.0721 
-0.154213 -74.6826 70.6129 
0.832775 -74.7405 70.3627 
2.13026 -71.0849 71.4443 
2.406 -72.9806 70.3108 
0.456394 -75.8079 69.4499 
2.67596 -68.9273 69.0963 
1.78787 -69.3706 69.7693 
1.0259 -73.8911 68.8518 
1.84121 -71.7342 69.4429 
0.563037 -72.2054 69.0891 
1.12787 -71.2005 69.5038 
-0 -75.3165 68.7898 
2.4699 -68.8605 68.712 
1.061 -67.6113 70.3977 
0.344434 -68.2509 70.2139 
0.468401 -66.2359 68.8752 
1.71623 -65.2651 70.1122 
0.713687 -65.4695 70.8815 
1.51938 -65.3073 69.683 
0.47972 -65.0785 69.0461 
0.559401 -77.9963 71.7838 
1.31316 -78.1771 73.052 
1.00106 -78.2208 72.5974 
0.259748 -78.1947 71.9496 
-0 -78.5596 72.7003 
0.800961 -77.0891 72.7727 
0 -72.4948 69.4049 
0.592696 -71.5028 70.2997 
1.12446 -70.2969 70.4792 
1.46031 -69.8673 69.8391 
1.13965 -72.3604 69.6033 
1.16429 -74.9072 69.1539 
5.91016 -73.1083 73.9966 
8.17403 -71.4949 75.1996 
8.33033 -70.5372 78.9618 
5.03771 -66.3371 85.3728 
7.88304 -67.4276 82.7626 
-0.065573 -74.4533 78.3932 
3.53562 -61.7161 63.4206 
7.06575 -60.0583 65.4251 
3.34038 -72.3709 67.6881 
6.13813 -54.1396 84.5967 
1.44803 -74.6212 66.8522 
1.55721 -66.9709 70.9322 
-0.603143 -76.3652 68.9217 
-0.154532 -71.6073 82.8471 
0.02112 -73.9048 80.0564 
-0.405123 -59.3369 87.3952 
-0.632135 -68.2153 70.3262 
-0.067748 -71.4321 69.3881 
-0.496658 -66.1747 68.8749 
-0.627737 -65.0828 69.1156 
-0.56271 -78.0088 71.7533 
-0.27033 -78.1859 71.9581 
0.637432 -75.4638 69.1743 
0 -75.0123 69.0418 
10.8336 -59.8399 88.1292 
10.6954 -63.3131 91.8108 
7.68359 -61.0249 88.0159 
9.39447 -63.9736 91.2328 
7.58447 -62.4374 88.8817 
11.2526 -61.9801 90.829 
13.3857 -61.4411 89.7133 
6.80129 -64.8666 88.8194 
9.83153 -64.9966 91.7316 
9.95439 -64.6604 91.6071 
11.2178 -64.7012 92.7429 
13.5619 -59.855 85.2594 
13.6821 -61.0947 88.5644 
13.3103 -63.271 92.5001 
12.2697 -64.3988 93.1885 
13.6126 -63.5256 92.5126 
14.0189 -62.7492 91.3816 
14.0409 -62.0011 89.041 
13.6455 -61.5879 86.0338 
13.7813 -61.3915 85.2996 
11.0481 -64.1532 92.1311 
6.43283 -65.4118 87.6185 
13.8693 -62.3176 89.6119 
11.7939 -63.0135 90.7836 
13.2887 -61.1893 86.1892 
13.1113 -61.5606 88.2513 
11.4739 -61.0457 87.1559 
10.0134 -61.9113 88.0928 
9.26247 -42.3277 42.1276 
6.36612 -40.1816 37.0859 
13.1119 -25.016 35.3013 
13.9246 -26.7214 36.3704 
11.1373 -40.5476 42.0786 
12.8825 -37.5952 38.3795 
10.1111 -40.747 40.0889 
9.65478 -39.9836 37.3927 
13.6377 -36.5223 39.5012 
7.61883 -40.2584 37.178 
8.593 -41.4579 39.6596 
12.4608 -37.251 35.6777 
11.2084 -38.7085 36.2322 
9.84233 -36.9695 30.3775 
10.7791 -36.4978 30.1037 
8.79583 -37.3196 30.8211 
8.76616 -39.277 35.403 
7.57304 -39.0445 34.9913 
11.6608 -35.8402 30.3165 
12.5772 -34.7409 30.4904 
13.5903 -35.4689 36.055 
8.03514 -42.2881 40.4758 
7.29236 -36.2526 28.6561 
6.65079 -37.9845 33.4331 
6.06094 -38.6816 35.1022 
5.32436 -35.7109 31.5431 
5.867 -36.5428 31.9029 
5.07158 -37.2332 34.0332 
6.93438 -36.9158 30.9223 
4.39832 -34.903 32.6371 
3.78146 -35.5762 34.1609 
4.48115 -37.8355 35.2434 
5.19099 -39.3516 36.3574 
5.07721 -34.4594 30.0549 
4.83095 -33.5393 29.7839 
4.78753 -32.2748 29.547 
4.26527 -33.2902 31.963 
4.49137 -31.7247 31.4024 
3.52956 -33.7341 33.4512 
3.57029 -32.2346 32.9319 
5.20112 -30.5568 30.0127 
5.01243 -29.7197 31.5034 
4.07268 -30.8235 32.3756 
14.3698 -32.531 37.8704 
14.2764 -34.269 39.4014 
14.0032 -32.9111 34.3446 
14.0719 -30.2312 33.5423 
12.9349 -25.4986 31.6099 
12.332 -24.9952 30.8494 
11.5687 -24.1969 31.7364 
11.0936 -23.7531 32.5245 
10.3921 -24.742 28.3816 
9.98637 -24.1568 30.7809 
9.1415 -25.678 25.351 
13.4302 -26.3073 32.3104 
12.641 -26.087 28.8669 
13.4004 -30.9921 28.1329 
13.2929 -32.6217 29.4921 
13.6957 -27.7903 32.31 
13.2039 -29.3631 26.8051 
9.64341 -23.8697 31.8685 
9.0938 -24.6369 30.2863 
8.49394 -24.8145 31.1599 
7.91138 -26.5759 25.9306 
10.4551 -23.4153 32.7453 
7.46443 -26.2331 30.5254 
6.30235 -27.9097 30.602 
8.8129 -23.9701 31.8763 
5.76774 -29.5892 28.7649 
6.80447 -26.5207 31.2463 
5.69451 -27.8621 31.6122 
5.7538 -34.7887 27.7974 
6.48183 -35.3953 27.3972 
6.49068 -29.4274 23.4566 
8.49695 -26.0837 25.3966 
11.5752 -25.8722 25.5131 
10.8284 -25.477 25.7319 
12.1301 -34.576 27.6259 
8.57548 -36.5643 28.5014 
12.9232 -28.2808 25.765 
13.1025 -27.1091 29.2072 
14.0139 -35.4585 39.4121 
7.46354 -35.8993 26.061 
5.87617 -34.3936 24.4273 
5.33201 -32.7521 23.926 
9.11804 -36.3152 26.5763 
9.21445 -36.2704 24.0733 
5.29109 -32.0047 24.7673 
5.59498 -31.1269 24.0163 
7.59781 -28.3942 20.9877 
9.84864 -25.7051 24.5871 
10.4589 -26.56 21.5618 
12.6445 -33.8243 27.5971 
11.1688 -35.6395 27.4582 
9.91036 -36.3645 27.9477 
13.1474 -32.1914 27.012 
13.2472 -30.7461 25.4356 
13.1892 -31.7382 24.4191 
10.0958 -36.0842 25.3819 
12.4787 -27.7651 23.3044 
11.9289 -26.969 22.8627 
7.06817 -36.4109 15.5034 
7.72539 -36.9545 14.757 
8.43689 -37.2834 14.3632 
9.77309 -37.2504 14.6688 
9.09607 -37.3411 14.5566 
5.99027 -35.1656 14.9972 
6.46162 -35.6186 16.7752 
5.96402 -34.5052 19.5951 
5.69124 -33.9854 12.2738 
5.72523 -33.8962 17.0861 
6.44385 -32.5363 11.4647 
6.02568 -32.9932 12.2778 
6.42846 -30.9421 17.1653 
7.22692 -30.7807 14.096 
8.26635 -27.9923 19.758 
9.21227 -29.1178 14.3038 
8.80236 -28.6245 16.2551 
10.0441 -28.7052 14.9086 
7.94476 -31.3954 10.6672 
9.22494 -31.1001 9.70163 
11.1482 -29.1061 14.8774 
10.6205 -28.8686 14.7301 
10.3623 -31.0893 9.29816 
10.88 -36.9478 14.0868 
10.8203 -36.501 17.3871 
12.2162 -35.6392 13.24 
11.7139 -36.1627 14.0418 
12.4603 -34.676 14.4134 
11.9982 -35.2837 18.0772 
13.0412 -32.5987 23.2334 
12.3665 -30.7782 15.9192 
12.0121 -29.993 15.7928 
13.021 -30.7242 21.6586 
12.8733 -33.3533 25.9672 
12.9251 -32.1588 19.0915 
11.0687 -35.7011 24.9924 
12.8709 -29.6341 21.995 
11.6416 -29.4738 15.3772 
8.62486 -36.3013 22.434 
7.84364 -36.0259 22.3059 
7.10751 -35.5998 22.4201 
6.43342 -35.0273 22.1757 
11.0904 -26.9663 20.8533 
9.60598 -27.6603 18.2061 
6.13326 -30.8099 18.9479 
5.76655 -31.9566 18.5948 
5.6729 -32.8599 17.9496 
5.49185 -33.5211 24.0258 
7.40883 -37.6933 11.1042 
6.53141 -34.4561 4.11046 
11.0794 -32.1665 7.12676 
11.4791 -32.8955 5.50433 
11.6558 -32.4593 7.77653 
12.3504 -33.4758 8.44489 
12.6605 -34.6009 5.71343 
10.4503 -32.1417 6.24538 
9.15207 -31.8832 7.03363 
12.6191 -33.9733 10.3969 
12.9202 -35.6416 6.11949 
12.6367 -34.3697 12.1098 
10.892 -32.5807 5.27082 
11.3045 -38.1921 9.83465 
10.4519 -38.655 9.79704 
12.0666 -38.5902 6.59238 
11.2318 -38.8061 7.2838 
9.84259 -39.4629 6.89466 
12.7965 -36.8889 7.17087 
9.01725 -38.7074 10.0206 
9.58278 -39.1869 7.52151 
8.57859 -32.5466 5.71197 
7.51653 -38.4501 9.14647 
6.50785 -37.0276 10.2942 
6.0878 -36.4802 9.98789 
8.19996 -39.2362 7.11353 
6.56032 -38.658 6.65028 
12.6631 -35.876 9.54346 
11.9927 -37.5888 9.4127 
12.9998 -37.9622 5.49825 
6.68121 -33.7538 5.67204 
6.51309 -33.2117 8.24226 
5.72631 -34.1836 9.4392 
5.8703 -34.2967 7.24865 
5.6226 -35.9669 8.53876 
5.74277 -35.2196 11.1826 
5.7359 -38.1818 5.56047 
7.44937 -31.7474 10.7965 
5.20828 -35.9099 4.42547 
8.71561 -33.8723 3.13622 
13.3169 -37.1645 4.62908 
13.3297 -40.112 4.53283 
12.7941 -36.5508 1.39874 
12.1873 -33.6401 5.66947 
12.3374 -38.9309 5.94322 
11.6225 -39.6317 6.22087 
12.2212 -40.9791 5.0575 
10.8427 -41.0176 6.19595 
5.86848 -40.4977 5.47285 
9.61178 -41.1383 6.37615 
5.41393 -36.8759 3.89795 
5.26159 -40.7289 4.22916 
8.36702 -42.3118 6.23354 
8.53793 -40.1376 6.72237 
5.70571 -36.0621 3.08189 
9.81914 -34.0803 2.6691 
10.1804 -32.3998 5.44879 
7.20299 -40.5695 6.1087 
6.41292 -39.1623 6.13288 
5.43196 -35.173 4.29641 
6.5739 -41.1045 -0.399197 
10.5825 -42.0601 -0.509937 
11.5418 -41.2079 -0.288052 
11.5139 -39.329 -0.123769 
12.3739 -41.125 -0.575935 
9.50743 -42.6671 -0.323495 
8.19358 -43.3561 -0.610378 
6.00258 -43.0115 0.079763 
9.69002 -44.4291 0.348998 
8.43404 -39.4829 -0.159431 
8.58377 -37.6605 0.272655 
10.1741 -38.8369 -0.08505 
10.6839 -38.0802 -0.101445 
8.17239 -37.7559 0.038686 
9.60882 -41.3116 -0.253687 
9.90267 -36.785 0.626205 
5.12635 -39.3205 2.62647 
7.6472 -34.7853 2.16427 
9.78949 -42.6506 5.68396 
13.2092 -36.6871 3.3592 
13.3109 -38.0334 1.44662 
13.7492 -40.8186 1.03288 
12.9371 -38.8776 0.188461 
10.9294 -34.5787 2.28537 
12.0056 -35.3818 1.84101 
11.1295 -35.8156 1.10468 
13.2896 -41.2032 -0.014239 
13.4878 -42.8711 1.08212 
13.6442 -42.6526 2.11412 
13.7196 -40.7111 3.13903 
12.8354 -42.8736 0.145885 
12.9 -43.7473 1.45375 
13.1179 -43.077 2.8155 
13.4002 -42.0894 3.48824 
11.6985 -44.3646 0.70838 
10.6644 -43.5741 -0.568401 
10.427 -45.1951 0.938456 
11.9572 -44.84 1.96772 
12.3038 -43.8473 1.37233 
11.946 -43.1062 0.384906 
11.8913 -44.2367 3.70954 
12.479 -43.6693 2.70136 
11.4697 -43.5286 0.02515 
10.6283 -44.3516 4.46427 
10.3365 -45.4758 2.38258 
10.9722 -45.334 1.58951 
10.8678 -45.196 3.18375 
8.26171 -45.1122 0.45617 
9.82483 -45.2751 1.81265 
9.05455 -44.4465 0.126812 
9.08379 -45.4512 3.17191 
9.87387 -45.1579 2.9609 
8.74726 -44.5343 4.62226 
9.8653 -44.276 4.30913 
7.67129 -45.331 1.72334 
7.66684 -44.6144 0.383907 
7.64664 -45.1474 2.98522 
7.20465 -43.6783 0.66588 
5.89764 -43.7697 0.907789 
5.27334 -42.7496 0.768624 
5.39492 -41.5194 0.042789 
5.42851 -43.5522 1.71915 
5.96627 -43.4103 3.46365 
6.34828 -44.3603 1.75007 
7.7409 -41.7846 -0.224183 
5.66919 -42.3077 4.31952 
7.08946 -41.8096 5.28941 
6.95193 -44.316 1.99034 
5.23298 -42.4598 3.21681 
11.3418 -42.7039 5.36069 
8.68089 -43.4617 5.61666 
7.93184 -43.9921 4.9394 
7.43079 -43.9764 4.22848 
6.89473 -43.8666 2.99857 
6.19165 -41.652 5.22021 
5.03215 -41.7446 2.61634 
6.42791 -35.9368 1.79652 
6.72511 -36.4834 0.948604 
8.47326 -35.5286 1.34576 
5.15682 -40.8695 0.507964 
5.91903 -38.1059 0.52413 
5.48363 -37.7626 1.88228 
7.60132 -38.2092 0.016485 
6.6257 -39.2513 -0.042801 
11.0915 -37.8573 0.120892 
12.2103 -37.4606 0.276607 
8.58691 -45.6721 1.8346 
1.82328 41.0295 44.6245 
3.97171 41.3802 44.7985 
13.2874 36.7214 52.1258 
14.1459 34.2909 52.9638 
15.4087 29.6212 52.7696 
15.4198 31.4017 50.8102 
6.72471 42.2252 48.2982 
8.68302 41.8132 49.3256 
9.67603 41.3449 49.9459 
10.6878 40.615 50.4552 
11.6439 39.5996 50.9945 
12.4488 38.2802 51.8666 
15.6814 27.7025 52.718 
16.198 25.0877 50.7394 
16.2196 22.5002 33.8443 
15.9501 28.307 33.1651 
16.3625 28.4913 38.2786 
15.8278 24.2712 30.8956 
15.6291 21.2517 30.0321 
15.9869 19.5007 32.934 
16.0517 30.0965 35.9713 
15.6692 31.7079 34.8127 
16.1005 31.2854 39.1229 
14.8845 33.2067 32.3739 
15.2861 33.336 35.8478 
14.5305 35.2335 37.772 
12.7813 16.7097 28.2929 
13.6196 16.9032 28.7383 
14.3593 17.3333 29.235 
13.1227 13.6671 30.9563 
14.4494 15.1877 31.3576 
15.0695 18.9248 29.4029 
14.963 21.8229 27.7461 
14.448 21.9464 26.6627 
13.7069 20.1187 26.7855 
12.4412 20.3705 25.9478 
11.0349 37.7143 34.7742 
12.5244 36.3645 31.5146 
10.4177 37.5762 32.0159 
12.7417 36.7427 35.131 
13.9009 35.3198 34.3543 
4.72503 30.2546 31.5186 
5.3986 27.5232 29.6818 
5.88936 26.0235 28.6923 
5.26512 33.6831 32.1121 
4.52926 34.5583 33.9614 
4.09083 32.1832 33.2461 
5.60949 30.5462 29.7653 
9.46976 16.4242 28.2677 
8.06587 18.7127 27.9118 
9.55264 20.8448 25.7225 
8.89962 22.0243 25.6134 
7.54786 20.8964 27.5005 
6.92033 22.2764 27.7817 
5.69117 21.5911 29.2409 
5.509 36.2885 33.9632 
5.87759 35.0806 32.0132 
5.14242 37.4149 35.5785 
6.06636 32.7858 29.3767 
6.98675 38.0247 34.685 
6.68828 37.2541 33.6281 
6.78569 36.2312 31.4327 
10.7548 17.7136 27.1945 
10.1794 20.3513 25.7396 
11.1252 20.6513 25.5318 
10.9798 13.2383 30.1838 
11.8605 18.1613 27.0127 
15.2758 17.1907 31.3721 
11.8453 13.8823 29.9517 
11.3889 38.5149 38.2508 
9.6353 39.2217 38.2752 
9.08908 38.3624 35.2077 
9.44533 37.8906 33.4059 
7.95483 39.8168 39.1445 
7.89363 38.3228 35.0734 
7.83992 37.6522 32.9832 
6.88468 39.4734 37.9292 
6.54582 40.2629 40.187 
9.86441 39.8859 41.4019 
4.53601 38.7572 37.8816 
4.95254 39.7523 39.4969 
6.43533 41.3136 43.8715 
8.70957 41.3259 45.7605 
8.20394 40.959 43.4822 
11.0837 40.1139 45.2924 
3.06348 40.615 42.7173 
4.00427 36.5204 35.8137 
3.25657 33.0941 34.463 
3.24155 28.3016 32.9965 
14.7237 34.2055 50.1334 
15.9547 29.5534 49.5915 
15.7297 32.2327 46.7158 
16.3124 29.7675 45.3329 
16.5111 27.5618 45.9089 
16.2074 27.7839 49.2705 
16.6947 24.7574 43.4475 
16.6073 24.9867 46.6835 
15.901 32.2743 42.9529 
16.5117 28.3649 42.8988 
16.5607 25.1422 39.7538 
14.94 34.6728 46.8661 
14.024 36.3961 48.4196 
14.9185 35.1733 43.6584 
13.6246 37.4095 46.7149 
12.9169 38.4248 45.7852 
16.7552 22.2702 43.469 
16.5256 22.4172 48.0444 
12.0431 39.3735 45.5532 
13.9222 36.7955 41.7781 
13.1759 37.7294 41.7227 
12.6425 37.7433 38.8529 
15.5019 33.7056 42.9802 
13.6755 36.5235 38.1651 
16.5185 21.6998 37.3692 
16.3599 18.6119 46.138 
16.5171 19.2815 40.6535 
16.4556 20.5127 47.6983 
16.6926 20.9585 43.7471 
15.6009 15.2379 37.0606 
16.4687 19.9519 37.6297 
16.1324 17.7226 36.5238 
15.7086 16.5621 34.5743 
15.2541 15.4052 33.7029 
14.7299 14.4075 33.1091 
13.7738 12.0188 35.3587 
14.1061 13.0603 33.4585 
12.7644 12.5276 31.8667 
13.0903 11.9522 33.2995 
11.6762 12.0083 31.4936 
8.80302 14.4116 29.9562 
13.8098 34.685 30.17 
15.1105 30.7119 27.5755 
6.13477 24.3698 28.3492 
7.78406 37.0037 30.6183 
9.0025 37.6037 31.1676 
15.6786 33.103 39.2781 
14.7156 35.4702 41.378 
10.1575 40.5201 44.6731 
11.1806 41.4537 22.6058 
11.1146 39.0125 25.987 
11.8955 40.895 22.5489 
11.7246 38.1644 26.401 
12.344 37.4356 26.3082 
10.491 39.1732 26.0689 
10.6336 41.5559 22.5813 
9.79433 38.3844 27.1378 
10.1243 41.1654 22.9377 
9.23375 39.1059 24.8386 
9.8577 41.2524 22.1288 
10.7292 38.1358 27.931 
8.98624 38.0557 26.6063 
10.6782 37.6545 29.7016 
9.59866 37.7274 29.4164 
11.9203 37.0545 28.8371 
8.74272 37.4295 28.5752 
11.3659 37.2133 31.4657 
12.9783 35.8493 28.6877 
15.3348 26.6354 28.5565 
14.7812 31.6253 25.2886 
14.895 26.8453 26.7029 
15.1123 31.6629 28.9493 
14.2141 27.9009 24.3971 
14.6929 33.4992 25.7831 
14.7432 33.065 29.2603 
14.5015 32.6926 22.8949 
14.2621 34.2539 27.3236 
14.1282 35.3422 25.1512 
14.4094 30.1323 23.8613 
14.4137 36.4802 20.6536 
14.4652 34.6285 20.7939 
14.2748 36.3613 23.0268 
13.5009 38.5436 21.7083 
13.9652 32.4569 20.8342 
13.4203 31.095 20.8584 
12.4464 31.03 19.8166 
13.495 28.4494 22.7462 
13.4058 32.1815 19.4965 
13.2777 27.0145 23.3443 
13.8561 25.3105 24.7653 
11.3998 28.8251 21.2548 
13.4994 22.3147 25.5746 
12.4931 24.8737 23.8959 
11.4094 24.8474 23.6642 
10.7387 24.9655 23.6485 
9.14505 25.1432 24.2172 
12.4916 28.3275 21.9941 
9.926 25.3723 23.7111 
8.66808 29.6332 21.5211 
10.1734 29.2185 21.0321 
9.91879 30.7845 19.5984 
7.54698 31.8329 21.7785 
7.12233 31.7086 23.7503 
7.43288 34.5329 20.4136 
7.52467 35.7272 20.5578 
7.94317 34.3335 16.6199 
7.95436 31.0876 21.3757 
8.14432 32.79 18.0108 
6.8288 32.159 25.2041 
7.37879 29.7708 23.867 
7.79918 36.9359 20.7068 
7.24692 34.9511 25.074 
8.54963 27.4458 23.3572 
7.79194 27.4376 24.4695 
7.12229 25.9535 26.2633 
8.31293 25.7528 24.6118 
6.81253 27.6182 26.3542 
6.17683 30.8264 28.0949 
6.83363 33.2216 25.5805 
9.3254 40.5275 21.5135 
8.13683 36.8552 26.0524 
8.25414 38.0081 20.263 
6.70351 33.9465 27.6428 
6.87377 35.0146 28.8126 
7.70869 36.3818 28.4444 
10.0856 41.3715 21.0288 
8.56983 31.1571 20.1177 
8.84288 31.7697 18.5144 
11.0259 31.1958 18.8077 
12.4691 31.559 18.8868 
12.1663 40.8013 21.4329 
13.8954 37.7609 19.9533 
13.777 33.0439 18.6861 
11.3862 41.5153 21.112 
10.6751 41.6295 21.0704 
10.006 31.3135 18.4884 
14.9635 32.6483 4.37179 
14.261 34.5236 9.08637 
12.5934 34.3201 4.24771 
12.3855 37.2196 10.8773 
11.74 37.2853 10.4769 
13.6743 29.8863 7.76856 
12.6344 29.7362 8.92249 
12.6209 30.5261 11.4299 
14.0327 30.916 9.18857 
15.4653 31.5249 4.67723 
15.0507 32.1296 7.38436 
14.6806 31.9984 9.00423 
14.5513 33.8545 10.2457 
15.2507 30.873 6.15416 
11.206 35.392 6.57071 
11.644 29.6395 9.5855 
10.7736 28.8854 8.0495 
12.7818 29.0086 7.40725 
10.6917 29.8935 10.8712 
8.43696 33.1489 6.93769 
9.21011 34.2924 6.77791 
7.79471 31.4816 5.42966 
10.2475 35.2168 7.00671 
8.08828 32.0753 7.79342 
8.65248 34.4662 10.2896 
9.70555 29.0676 8.08988 
8.82604 29.3452 7.83275 
8.23662 31.7348 9.99655 
8.45644 29.2893 7.0302 
8.64256 31.1203 11.2516 
9.40703 30.1932 10.6984 
8.10916 29.3613 6.50436 
8.23989 33.2291 10.766 
9.25539 38.6176 17.2956 
9.31224 35.6106 10.1614 
12.2079 31.1853 15.6999 
10.8697 30.9167 15.7839 
13.076 32.115 17.1911 
14.036 33.6055 16.9423 
14.3211 34.8313 17.3129 
12.9001 38.753 17.8523 
12.0789 39.3837 16.7864 
11.4173 39.6487 16.5317 
10.7245 39.7174 16.6664 
9.88404 37.0473 11.9155 
10.5516 37.4403 11.5459 
14.0644 33.137 14.1664 
9.63056 30.885 13.8255 
13.7916 36.5466 13.911 
14.2247 35.9059 15.1238 
13.6463 32.1341 13.2914 
9.22988 31.5815 17.2014 
8.45794 32.2765 14.9634 
8.92092 31.4414 13.7971 
13.0756 36.6921 10.9488 
8.08903 33.6427 15.4552 
8.3845 35.8307 15.1991 
14.4023 33.8667 13.0506 
14.7261 30.0378 6.51268 
11.95 28.2997 7.21449 
8.61208 32.958 4.08291 
9.29128 28.5514 7.16576 
9.7219 33.725 3.79602 
15.7156 30.2029 4.93045 
15.7931 28.1819 4.2215 
15.5608 27.4286 4.57163 
14.3452 33.4142 4.42391 
13.531 33.9732 4.29112 
14.2643 27.8264 5.81401 
13.0588 27.8472 6.59399 
13.1914 25.0207 5.34795 
14.3989 26.0781 4.55839 
8.0793 25.9562 5.06711 
10.2453 24.674 5.62309 
10.7692 24.0906 5.28214 
7.71207 30.7783 3.39198 
8.75255 31.6869 2.46687 
7.76709 29.7418 5.75034 
10.3887 28.0468 7.14298 
11.4434 34.0229 3.50077 
12.8279 33.5635 3.15963 
10.404 33.6323 3.35586 
11.7628 26.1027 6.17225 
11.8894 24.6617 5.23315 
9.2841 26.026 5.50857 
9.99319 25.0368 -0.96634 
8.47548 27.2781 -0.345542 
9.72078 26.7372 -0.323862 
12.5189 26.1137 -0.729686 
11.3526 25.6343 -0.626397 
14.2858 27.0988 -0.741132 
13.6022 29.1849 0.243879 
7.69306 25.5835 -0.191123 
11.4453 23.7452 -0.23541 
10.9018 31.0317 1.29536 
12.1516 30.3662 0.887433 
12.7724 29.5507 0.255307 
11.6784 26.7997 -0.394725 
12.1669 28.8007 0.124765 
10.1808 29.6536 0.320024 
15.1258 30.7136 2.50794 
15.1959 27.8334 -0.036085 
13.8993 32.5787 2.68566 
15.0546 30.1351 1.35966 
15.7171 27.0911 0.803811 
15.354 24.892 0.702707 
15.7482 25.8051 1.79313 
15.2075 24.5362 2.06978 
14.7506 24.0676 1.02951 
14.8461 25.4356 -0.40462 
14.5503 24.3714 0.266479 
15.3931 25.5382 3.29675 
13.4615 23.8776 -0.130125 
12.3334 23.53 -0.416033 
13.6506 23.0396 0.946356 
14.116 24.012 0.771619 
13.7788 24.9157 -0.078094 
13.8539 23.0613 2.19847 
14.3266 23.9471 1.96139 
12.4703 24.8746 -1.0524 
13.4371 22.9157 2.78517 
13.5837 24.2031 4.33674 
12.4916 23.136 3.81092 
12.066 22.6932 0.529758 
12.2152 22.3218 1.92102 
12.7011 22.5882 0.806251 
10.3066 22.3527 1.08137 
9.98086 23.1362 -0.183158 
11.5659 22.677 1.0766 
10.8046 23.7984 -0.434808 
10.8508 22.3357 2.41744 
11.6517 22.6127 2.22682 
10.6171 23.0349 4.00222 
11.7313 23.2462 3.64584 
9.41135 22.7587 1.05612 
9.4161 23.6724 -0.157512 
9.43122 22.7465 2.33178 
9.27815 25.4948 -0.144381 
7.65034 24.2222 0.985984 
7.22465 25.65 0.362417 
8.15239 23.8434 1.25231 
7.15964 24.9671 2.03094 
8.05197 24.3227 2.94456 
7.74157 25.1149 3.86081 
8.78245 23.7641 1.13987 
9.59818 23.4603 4.0329 
8.76116 24.0555 2.57763 
7.45079 26.1537 4.37109 
6.98471 26.6624 1.45975 
7.15019 26.9054 3.45561 
12.6404 32.1636 1.94076 
8.33182 30.0529 0.93349 
7.30273 27.6845 0.335366 
13.4684 26.9262 -0.43993 
10.4177 32.1739 1.99214 
7.53285 29.0582 1.34872 
7.36086 29.2639 3.22815 
9.6193 29.9878 0.62372 
14.222 30.0236 0.627587 
10.5385 28.6844 0.098502 
8.32199 24.277 0.518358 
-0 62.0216 64.1494 
1.00845 61.8081 63.9527 
1.88529 55.7949 56.5746 
3.79335 57.5146 59.712 
3.46745 57.6501 58.3866 
2.73498 57.7218 57.3548 
1.92837 68.3548 63.1661 
0.981233 68.4504 63.7383 
-0 68.4932 63.9327 
3.41601 68.7792 61.0399 
2.79611 69.3436 62.2042 
3.30467 68.5411 58.6948 
-0 68.6931 56.7004 
0.847875 68.744 56.8083 
2.62031 68.7731 57.8071 
3.27374 74.2188 58.7223 
3.59502 68.6033 59.8273 
1.7319 68.7284 57.1699 
1.81129 83.4926 62.9992 
0 83.3501 63.7312 
0.766443 82.5713 56.9699 
-0 82.7165 56.8795 
3.0519 84.5996 58.6828 
0.909621 83.4572 63.5475 
2.99474 97.6598 60.7503 
2.66093 83.3685 62.093 
3.26276 82.2383 60.9802 
1.57155 82.7908 57.283 
2.41621 82.3515 57.8616 
3.42133 81.3755 59.819 
0.813995 97.5785 63.1646 
2.4277 97.5039 61.8188 
3.11414 98.7714 59.6725 
-0 94.3287 56.9487 
0.702813 94.352 57.028 
1.43549 94.4914 57.3072 
2.25123 93.5759 57.8429 
2.7601 107.299 58.7986 
0 109.458 57.2712 
0.673879 108.221 57.3113 
2.84399 113.311 60.8614 
2.3164 113.326 61.8399 
1.58061 111.144 62.6349 
1.63216 97.7849 62.6636 
0.788813 111.059 63.1071 
-0 110.9 63.2566 
-0 97.7869 63.3219 
1.37571 111.657 57.6492 
2.12251 111.923 58.1497 
3.02076 109.938 59.7925 
0.666495 117.186 57.709 
2.80625 117.838 59.9196 
1.5336 117.65 62.4436 
2.13317 118.89 61.6594 
2.5378 119.337 60.7914 
1.50231 120.231 61.905 
2.59587 117.467 59.0628 
-0 117.355 63.0333 
0.779737 117.575 62.8791 
-0.359656 119.785 62.6775 
2.40408 119.743 59.591 
1.13045 118.993 58.0726 
1.9192 118.888 58.5317 
1.31699 120.324 58.7168 
-0.240107 118.654 57.7993 
0.637856 120.762 58.6654 
0.335311 121.422 59.8359 
1.59027 120.922 59.7589 
1.91941 120.669 60.4606 
1.05046 121.199 61.2232 
0 121.399 61.2762 
-0.511093 120.936 62.0883 
0.766393 120.662 62.244
